4334
3752	917	3
1526	1418	21
855	3824	35
1969	3833	0
1114	4401	35
3467	3615	41
82	3439	3
1240	4242	35
1910	2923	35
2529	4425	35
1411	2057	35
3816	3994	35
2700	11	6
2961	666	3
1698	1216	35
2135	784	35
3830	389	35
3732	4346	3
4246	2198	3
866	3773	35
2445	3833	17
2205	4228	35
616	4278	3
3732	1734	3
3227	3014	16
3732	3833	0
1356	2580	34
3875	1702	35
1240	1776	35
855	538	35
3629	2786	35
2140	4029	3
2754	2601	34
2340	4215	31
96	2282	35
399	615	3
4336	2979	23
1789	1014	35
3189	2864	35
1952	3833	0
235	2372	29
2529	262	35
3905	3561	36
1420	4024	41
3974	3025	35
1782	4176	35
1240	3912	35
802	4090	35
1232	438	44
3746	1080	35
2872	4046	35
486	3262	2
3398	2989	3
94	3241	35
2286	1829	3
689	3833	15
2987	1519	23
1289	3331	35
2367	4334	35
3134	3706	35
2867	934	35
2796	1831	35
2460	1272	3
2924	3560	33
3875	558	35
1952	735	3
82	438	44
401	3014	16
3467	160	2
2471	2289	3
1356	1241	11
2512	3833	0
399	1245	3
1240	4212	35
3090	4220	35
207	3833	0
2069	278	35
1154	3961	35
44	3340	35
2872	1332	3
677	3014	16
3137	2323	35
2512	635	3
3398	3926	3
1896	2066	35
1131	4021	43
4119	1871	43
1847	1569	35
1805	410	3
1240	2332	35
82	1099	3
1420	1354	2
3875	1497	23
2286	793	23
2308	209	35
81	282	35
4246	3716	35
651	1732	35
4384	3833	0
1356	1044	6
4413	2948	34
3597	3670	3
4430	3791	13
1307	3014	16
1969	4157	3
279	2039	35
1526	1526	33
3365	21	3
1663	2163	2
2420	1147	35
3161	438	44
3805	3833	0
3875	3833	17
4438	458	6
4413	1347	6
3639	2855	35
1354	2900	31
1501	1304	35
696	1648	3
12	4087	3
2987	655	31
3635	2090	41
2135	4396	31
2872	1861	3
56	706	35
12	1135	35
814	3833	15
26	3799	3
1828	3833	0
4392	3751	3
1633	3298	3
3046	1439	2
1423	3833	17
4311	3155	3
1240	760	35
26	4184	3
3189	3833	23
2658	691	13
956	1931	35
703	1279	2
853	3833	0
1298	2668	35
134	1120	3
4303	4396	31
2140	3982	3
3384	4106	3
4159	3308	35
323	659	35
1277	2688	29
1201	3833	15
3959	676	35
1633	4309	35
1577	1542	35
1548	2301	35
1201	680	31
1730	4048	8
4246	4013	16
2471	2042	3
2417	3598	29
855	1479	35
1411	2640	35
677	4168	15
1952	970	23
2620	2519	35
2658	402	31
2912	4400	35
3471	4199	35
4427	1035	3
4179	1131	41
3090	3563	15
399	4364	3
2089	3014	16
82	2266	29
3635	3322	2
140	436	35
2471	3833	23
3623	3236	16
1001	471	35
2982	1640	35
3469	3317	41
936	438	44
2286	3449	3
241	4286	17
4196	4434	35
2135	2782	35
3144	3536	13
1385	1869	35
3484	137	35
4302	3493	13
3309	2527	35
359	1182	23
44	2963	35
3967	29	35
4430	203	35
936	3833	17
399	2553	3
3467	25	21
3269	438	44
2620	1286	13
3635	4155	4
3433	2004	35
2477	3741	35
2427	794	23
2471	3172	3
100	1713	29
3096	3833	17
2168	354	35
2015	2397	35
133	438	44
2598	3833	15
575	833	35
2585	2381	31
3897	1718	35
2310	492	35
3269	1400	35
4126	3833	17
99	1899	35
3789	2254	35
134	2072	3
689	3833	29
2351	1469	35
813	4000	35
1232	3167	3
3757	438	44
3798	1157	15
3757	3082	15
1910	3833	15
1240	3120	35
696	4396	31
1240	2335	35
2684	1663	41
1289	392	35
855	3246	35
399	200	3
3273	4337	41
1131	3635	41
4029	1127	35
956	3432	35
3752	2452	3
2658	438	44
378	2278	35
1577	1234	35
2671	792	35
224	4195	35
4355	3833	15
1619	107	33
1225	142	35
4430	438	44
1411	3517	35
1708	671	29
1663	2581	2
2955	3153	13
207	4386	35
1705	1428	3
281	2537	8
4221	438	44
2478	3833	15
3116	2566	15
3905	2585	2
1298	3037	35
410	3604	35
2587	3136	35
2912	3557	35
4413	3779	32
2607	2299	35
1232	2280	3
1289	1992	35
2351	3833	15
1382	2711	35
1411	4359	3
3230	241	2
855	1431	35
2800	2878	3
2310	519	3
2163	4312	13
1279	2482	3
1205	3833	17
568	3833	15
486	4438	41
3096	3763	3
1474	4381	35
15	1298	2
99	4075	35
4056	3747	3
401	3833	15
853	2566	15
3255	3108	3
1255	2775	35
2800	1361	3
818	3945	16
2961	3888	3
2872	2885	3
3144	1820	31
1952	3823	3
1925	3455	35
813	769	35
48	738	35
2912	3348	35
2646	3014	16
1411	1339	35
740	2485	43
677	3170	13
507	1745	35
3494	3429	35
3201	3370	35
3587	420	35
2699	438	44
1474	718	35
4198	3442	35
4437	590	35
2529	2449	35
3389	3700	35
160	3736	15
3629	3426	35
802	161	35
2286	3588	3
3505	2860	35
1526	4337	41
3732	4258	3
4019	658	35
3724	4110	3
378	3336	35
1633	2021	3
1187	3972	35
35	3126	3
3300	4151	35
2310	64	15
3184	3654	35
2008	4038	35
82	3778	13
855	2371	35
4246	3572	35
63	2345	35
4369	3833	0
134	779	3
3417	3502	43
1628	2678	35
3805	1270	35
1755	3018	35
3137	1724	35
2460	4028	3
2052	1929	35
3273	950	43
3322	3044	15
2471	1017	3
1187	171	13
4427	95	3
2867	3995	16
399	1220	3
609	3004	35
1240	518	35
2598	2816	31
3982	4324	35
1898	1991	35
3644	438	44
407	1723	35
3757	962	31
703	281	41
3273	1450	41
946	946	33
3644	741	35
3537	434	35
35	2990	3
3875	2652	35
616	3016	3
2012	1874	34
2493	754	35
3587	3268	35
616	2387	29
1232	1399	3
595	4396	31
3781	1351	35
3752	600	3
3309	3833	17
3273	3273	33
1868	17	35
1547	1996	35
4369	3833	23
1730	2814	21
2101	3014	16
439	2497	35
4179	3245	41
1240	477	35
160	3014	16
3000	4385	29
1034	1521	35
2140	1000	3
3508	1658	35
1094	437	35
3732	469	3
4427	1316	3
35	2642	3
3333	1291	3
1965	3584	3
2329	438	44
404	438	44
3623	727	35
1990	3014	16
3365	225	29
3322	3014	16
99	1358	35
2516	3373	33
2561	2357	35
3369	1913	35
2657	4215	31
1698	2881	35
1354	268	29
2800	3085	13
2448	3624	35
616	3160	3
2382	3024	35
3189	438	44
4318	3673	35
134	1503	3
1354	4297	35
3150	2233	35
3497	535	43
1780	4155	4
2955	3153	29
160	1564	23
4147	1457	23
1423	139	3
4050	1355	35
872	1706	35
3834	1919	35
1232	3436	35
2460	3833	17
3959	3853	3
2638	1507	34
4303	3576	35
3384	175	3
677	18	35
1423	3403	3
2478	3655	35
1828	419	35
2946	3833	17
1708	3567	3
789	3288	35
3398	880	3
1232	1613	35
3967	3443	35
1240	374	35
3189	871	3
1789	342	35
26	697	29
4071	988	35
813	3833	17
1708	4238	3
905	589	15
1232	113	35
3096	438	44
486	3269	2
8	2269	41
3389	700	35
2646	3483	35
3635	3645	2
4246	1494	3
119	2451	35
4413	3046	41
359	1937	3
3798	438	44
119	1533	35
1240	2851	35
3384	1933	3
3644	4216	35
119	3562	35
4303	2789	35
1232	3650	35
3398	1454	3
2369	2982	2
855	1295	35
378	438	44
3581	3467	41
2940	2635	13
359	730	3
1078	1593	6
12	4182	35
2478	3378	3
359	1859	3
1965	3346	3
2213	2440	3
1240	2309	35
1419	2169	3
1914	2231	35
789	2450	3
2306	1175	35
4255	3148	35
2163	3640	3
1094	3819	35
1279	1717	3
2099	3833	17
4056	438	44
4163	3092	35
2096	1631	35
3635	2329	2
2350	483	31
1910	3351	35
4142	37	29
1411	533	3
4255	823	35
1910	2155	35
2961	652	3
4116	2490	35
2029	516	35
542	3530	35
2471	247	3
1232	3865	35
4427	177	3
696	702	3
2961	3833	15
1752	4233	3
1730	1730	33
3587	795	35
1187	4156	35
2955	2664	3
464	3014	16
1302	438	44
772	1373	35
2839	2091	35
987	3833	15
2105	3833	17
1240	1833	35
1240	505	35
3031	1760	35
1201	3833	17
983	599	35
2632	3477	35
4302	3833	17
1200	1462	35
1547	3379	35
4369	66	15
99	1013	35
3561	2872	2
1708	2717	3
2316	182	23
3615	2024	33
1811	4209	35
1240	272	35
616	321	3
3771	517	35
3967	3857	35
4174	2498	35
1093	3833	17
3763	3441	35
1965	3833	29
378	4391	31
3144	3740	23
2587	3833	0
378	2473	35
1526	4056	2
2638	3682	33
4384	3833	17
1967	393	35
1547	642	35
3564	273	23
905	438	44
3797	4053	41
1440	1945	35
2418	1522	3
14	3027	35
2879	2366	35
1187	171	29
4056	4452	3
207	2687	31
3255	2635	29
2754	1681	11
853	1879	3
1670	4014	43
4427	1035	3
1827	3833	0
1277	1764	3
486	3467	41
4196	1815	35
813	3468	16
3137	3014	16
740	2530	6
4302	3339	35
3335	2252	15
1692	2898	35
855	2756	35
3645	2551	13
48	3014	16
2982	778	35
3161	1603	35
1240	1683	35
4246	3048	3
359	1137	3
100	1713	13
1981	2546	35
4336	373	13
26	2011	35
241	2605	16
264	2352	23
3389	3035	35
789	3833	0
2471	3301	3
4336	3374	3
779	4037	35
813	3766	35
1411	1865	35
2671	375	35
399	3982	3
616	2453	3
3597	4396	31
595	417	35
3333	2922	35
1352	2899	35
2471	78	3
401	2696	23
1168	3494	3
814	37	13
3497	4155	4
3587	3022	35
1126	3083	35
3759	3468	16
507	4340	35
378	3893	35
4427	2696	23
1419	3223	31
1939	1721	35
4246	3607	35
1131	2684	41
35	3833	17
3712	2343	8
2872	3898	35
2776	3535	13
3201	3295	35
1454	770	35
2690	655	31
2078	3480	35
3384	3352	3
1705	4393	3
4126	3014	16
2776	1237	35
1131	404	2
855	489	35
1478	1477	35
2862	108	35
3732	3810	3
2269	9	6
3967	2945	35
3587	1561	35
2101	3833	17
616	649	3
200	4328	35
2471	3272	3
2008	2952	35
3486	3445	35
26	2477	3
4301	3487	35
2012	1722	21
1205	1852	29
3748	2236	35
2471	4232	3
855	3601	35
2585	3833	0
740	4337	41
2690	438	44
3000	438	44
35	2682	3
1793	43	35
474	3933	35
4029	1127	35
2471	1319	3
3230	3230	33
4359	3990	35
708	1482	3
3670	2117	35
2351	1069	35
2912	49	35
2659	4365	35
3269	2063	35
2163	962	31
1990	962	31
595	2358	35
235	3014	16
3618	984	8
1780	703	41
855	4051	35
2460	2836	3
399	3833	17
4427	438	44
1577	1946	35
3269	888	35
3322	438	44
134	3591	3
3000	4385	13
399	3499	29
1240	2998	35
1168	3214	3
241	370	35
2096	3833	15
1635	1635	33
2096	438	44
1411	4219	35
2471	236	3
1910	964	35
359	3014	16
3946	4155	4
252	47	35
1619	1619	33
923	4069	35
3830	820	35
3619	4304	35
4413	2684	41
27	4057	33
100	3833	17
2916	3450	35
56	1158	35
3644	3704	3
2286	3935	3
2316	655	31
2427	2595	13
1774	3278	35
12	3606	35
1577	890	35
264	2687	31
82	3833	17
1411	2401	35
464	2154	35
1279	3014	16
2329	1820	31
1501	2603	35
3255	2356	3
1240	2175	35
1969	1820	31
3946	2537	8
4303	2293	35
905	3833	23
257	799	35
1990	4129	15
3189	3128	35
4432	2087	35
665	1866	35
1302	3014	16
1201	3833	23
3187	1199	35
1240	1604	35
2883	1098	35
176	2589	35
3875	4170	35
1908	3833	0
3561	567	21
1277	3833	17
3823	3319	35
26	544	3
3144	438	44
2646	1580	35
813	2208	29
1240	3709	35
2512	438	44
1187	400	35
4198	991	35
76	2240	35
3635	191	6
48	2108	29
241	402	31
1232	3924	3
3365	225	15
3905	2684	41
4255	270	35
1886	3664	13
1708	3053	3
3761	3980	35
2924	4413	41
1780	1115	6
4064	1812	25
15	2090	41
2800	1901	3
975	4045	35
4369	2637	35
2089	143	35
775	1678	35
789	3520	16
1307	3833	0
4198	438	44
2545	4279	35
1467	3692	35
3357	646	35
3467	3333	2
486	1232	2
1450	2579	33
3360	748	35
2105	3833	29
1784	3055	35
12	3658	35
3317	1973	36
1051	3577	35
399	3733	3
3398	734	3
119	3178	35
2946	3014	16
4392	3833	17
3262	3943	35
814	3833	17
3670	559	35
923	3266	35
1068	2144	35
4427	715	3
2310	3065	35
2800	4446	23
4337	1666	33
2310	3713	13
1780	4074	43
1411	4011	35
352	1852	13
352	3833	0
1131	1131	33
1419	2112	15
651	2625	35
4246	1176	3
2140	1220	3
2099	3833	44
3046	821	2
2982	438	44
3137	3500	13
3227	350	3
4430	3653	35
4369	66	13
160	2187	29
1663	4142	2
635	4264	35
1780	4337	41
665	2535	35
3417	2869	6
378	3464	3
1076	1315	35
3974	1977	35
3759	3495	23
3262	3664	29
1965	1283	3
3798	2067	3
1302	300	35
2493	1841	35
2105	3833	15
855	2409	35
1663	2684	41
3467	1281	2
3433	3688	35
2856	1096	15
2329	591	3
708	4215	31
3262	424	35
3805	166	35
207	3847	35
4301	3487	35
4412	132	15
1093	485	23
708	438	44
692	3590	35
220	85	35
1805	3014	16
4159	2363	35
2099	4044	23
3712	2536	7
3597	3389	3
4141	3697	35
474	1988	35
1240	3235	35
2369	630	7
616	2243	16
3161	3431	35
1307	1467	3
359	1174	3
1411	4269	35
855	3855	35
2369	1518	36
3269	3356	35
2099	3014	16
3269	197	35
284	2728	35
3635	133	2
855	2483	35
4288	532	35
3623	50	35
813	1696	35
4427	4121	3
1354	2467	35
140	2604	35
2292	2577	35
1307	3032	29
3597	3833	15
2874	1189	3
594	1707	35
2924	3561	36
3623	1312	35
1925	2747	35
3046	3046	33
82	4437	3
1544	2797	35
871	429	35
1663	1670	41
4246	2632	3
2646	3462	3
81	2538	35
4246	1925	3
1240	3833	17
2624	334	35
4303	4261	35
4438	2145	21
8	4053	41
1780	4413	41
2471	3833	17
1034	1141	35
2516	2090	41
3046	1131	41
1240	768	35
1705	402	31
119	1464	3
3467	1941	6
1577	4136	35
2140	3833	15
1411	2875	35
4427	1299	3
3046	3245	41
2213	2928	23
1805	2541	35
594	1362	35
3561	35	2
99	3258	35
119	3796	23
3732	2214	3
2867	1500	13
1354	3014	16
3417	1405	24
3537	1701	23
3644	4055	13
2700	1959	12
692	1048	3
3335	3377	23
1910	3833	17
1240	77	35
3644	3014	16
1705	183	3
2699	2900	31
1205	438	44
4427	2588	3
3262	4396	31
1910	4396	31
2646	4005	3
2585	3587	3
1886	1287	3
1232	2890	35
3039	2033	35
4147	438	44
818	3833	15
207	478	15
486	1230	43
2023	3668	35
3691	1461	35
4056	2250	3
4196	1820	31
2012	1875	19
359	4403	3
1501	3014	16
1503	704	35
623	2047	35
2620	438	44
2471	1862	3
1360	3243	35
1780	2090	41
2455	2571	35
4255	3114	15
703	703	41
3728	174	35
580	2104	35
1302	2722	29
3	2459	35
3273	2684	41
4221	3913	13
3537	3249	35
1703	1349	35
821	483	31
3384	66	13
3467	3805	2
855	438	44
616	2971	3
600	1830	35
4142	3833	17
3946	2567	6
2329	3019	23
3467	2646	2
802	4090	35
2310	3014	16
855	3014	16
3398	3833	15
1000	4404	35
3467	853	2
2867	3528	35
3640	1278	35
2560	438	44
119	1772	35
3384	1123	3
2961	2737	3
855	3873	35
1332	2698	35
568	4227	3
692	1286	13
595	3626	35
1279	3631	29
284	4275	35
3335	3215	35
3642	3833	23
362	3835	35
692	1106	3
813	1603	35
855	3111	35
1910	4420	35
1232	3547	3
2879	3906	35
2176	1832	35
1752	3153	29
2800	4225	3
4142	438	44
1619	3905	41
2478	747	35
4422	186	35
3257	3204	35
1965	453	3
26	274	3
134	1051	3
3122	1806	35
648	2166	29
4196	1623	35
855	1274	35
1298	3775	35
789	1071	35
4246	4025	23
3616	2001	35
1153	2873	35
1708	3879	35
3623	86	23
3963	438	44
324	2557	35
1232	2344	3
677	4192	35
4432	3457	35
2419	2702	35
3384	1029	3
4246	2926	3
1232	685	35
1705	3833	15
1663	486	41
3615	1271	10
1422	2361	35
281	3978	43
1526	1711	41
35	4333	3
2427	438	44
3255	3833	44
4445	1242	35
1201	512	35
399	1215	3
2516	3390	6
2269	2893	43
3469	703	41
1240	3981	35
2872	1587	35
3635	2012	41
696	427	3
1240	1323	35
3137	3833	17
3189	2608	35
3826	1156	35
1952	94	3
3623	3524	35
1277	3833	0
1298	2147	35
2140	438	44
708	1425	15
3469	2537	8
616	2297	3
1240	3409	35
3161	3610	23
3046	4384	2
464	3833	17
3046	1302	2
923	3925	35
1846	1846	33
740	740	33
3384	3789	3
1411	2051	35
689	3833	17
1439	3833	15
883	0	31
946	1735	21
264	1625	29
4336	128	15
3384	4424	3
1232	3070	35
2096	2900	31
1501	3833	0
855	4348	35
2213	3833	17
2907	435	35
3763	2193	35
3317	3797	41
3467	1952	2
1168	355	23
2657	3833	15
1689	1681	8
1187	438	44
2219	4236	35
264	1625	13
3322	1338	35
1439	3242	23
2471	540	3
1240	2583	35
3189	1068	3
1289	3833	0
855	4277	35
2329	1750	35
102	1786	35
3230	703	41
3875	858	35
1411	3367	35
696	2845	3
2351	1395	35
595	993	35
1990	3833	17
1126	873	35
2825	3571	35
399	265	3
3333	3507	35
2872	438	44
1886	3833	17
1969	3014	16
168	1936	35
61	1437	35
1474	121	35
2867	1779	35
708	3014	16
692	1164	16
3189	986	13
3255	2635	13
1205	3833	15
3187	1199	35
2658	1027	29
1450	3556	43
4246	1200	3
1420	855	2
3269	33	35
2478	3078	13
3365	4396	31
1206	5	35
2310	2349	35
4255	2264	35
1846	2924	41
4056	1475	3
4019	1148	35
855	1195	35
3623	2380	31
2286	438	44
364	3833	0
855	4077	35
2478	1348	3
4413	1277	2
2420	1263	35
1420	3469	41
1232	1550	3
2351	1249	35
2940	2635	29
4198	3833	17
4448	3385	35
399	3028	3
35	1719	3
2419	112	35
703	2195	8
2673	1917	35
2213	3833	15
1844	3014	16
2351	3402	35
4392	3889	3
3384	2139	3
3538	3833	17
2427	3852	3
1172	2623	35
2924	1655	43
1262	3833	15
1847	454	35
1281	1820	31
1307	3833	15
616	2905	3
1856	3833	0
2310	3833	17
1873	1960	35
2684	12	2
3227	3833	17
1240	3313	35
2140	2553	3
871	4235	35
4430	3833	0
4311	402	31
378	4208	35
387	3008	35
2229	3236	16
2101	2615	35
3398	438	44
2800	663	3
854	1107	3
3439	1179	35
1240	4154	35
1827	2353	15
987	3622	3
1232	4394	35
3963	2798	3
2598	831	29
1354	268	13
207	2611	35
2581	3833	17
2955	4	16
1439	3833	44
2448	2943	35
3467	4412	2
855	4347	13
3644	3833	0
1708	1493	35
3757	3290	23
1289	901	29
1232	1352	3
1740	640	35
4198	2517	3
56	3130	35
2460	438	44
44	326	35
2340	3833	17
678	1445	35
2140	1847	3
35	554	23
1663	936	2
3635	3317	41
3645	3833	17
3046	364	2
15	631	6
2477	3168	35
4053	2709	19
2673	2888	35
82	3833	15
2329	4172	3
616	3833	15
3365	746	35
1205	1336	35
4355	438	44
3570	2187	13
2671	3683	35
2872	725	16
2234	1484	35
3863	2900	31
401	1625	13
1240	2133	35
3732	3316	3
3816	4210	35
2632	1928	35
1846	1947	43
2229	3034	35
126	1209	35
1411	1539	35
1277	2167	3
2512	849	35
703	1563	6
3273	3618	41
3749	1396	35
1041	709	35
2883	4376	35
4019	2631	35
3712	1780	41
1952	2574	15
1240	242	35
983	4323	35
352	3833	15
740	3635	41
1240	4226	35
3752	1956	3
378	1638	35
4427	4293	3
1705	3755	3
614	320	35
2369	3549	19
4413	3467	41
27	1663	41
2310	2808	35
3189	4080	35
3398	3833	17
4355	4108	35
692	2796	3
3484	1363	35
2310	2439	35
3269	2991	35
1420	4133	43
2982	3014	16
779	3314	35
378	4251	35
855	3617	35
12	962	31
2872	3833	0
1365	3156	35
813	3833	0
568	2137	3
183	4078	35
3227	202	3
3255	3833	17
3538	3702	35
486	264	2
3992	4349	35
740	3467	41
2003	4406	35
3381	244	15
3712	3512	6
3963	3833	17
2912	3833	0
488	636	35
2478	3201	3
987	959	31
27	4152	6
3874	2706	35
4147	2262	3
3469	3921	33
1240	4339	35
905	1579	35
3227	2647	29
1302	312	23
3335	438	44
3642	4206	35
1705	686	3
692	3087	3
2872	3085	29
2598	3064	16
983	4016	35
3752	3833	17
3615	1518	36
678	3371	35
2646	438	44
855	2651	35
187	2956	35
1769	3254	35
4121	382	35
703	740	41
3963	2219	3
134	1075	13
2587	557	35
3262	3664	13
3712	3273	41
4019	982	35
1302	483	31
2135	1401	35
2512	409	3
399	1154	3
546	595	2
2471	1541	3
1298	1505	31
2872	2029	3
3133	348	35
2060	3467	41
3863	4259	3
3752	807	3
1240	2534	35
2512	2614	23
1956	1739	35
119	1393	29
3505	3021	35
2407	1331	35
2316	3833	15
813	2208	13
2286	1213	3
4024	2090	36
2168	1061	35
2163	3833	17
1240	1118	35
4246	220	3
486	3946	41
3623	3105	35
2965	3944	35
2351	2129	13
1146	2206	35
3992	494	35
4056	2393	3
99	1038	35
2471	3014	16
207	217	35
3467	1860	34
4412	3014	16
1805	3833	15
2657	4380	29
3875	563	35
975	4114	35
1708	1112	35
2912	3705	35
3433	4442	35
2867	3881	35
3497	3497	33
3875	2322	35
1705	2849	13
3635	359	2
3090	3330	13
2699	3767	3
1240	3593	35
321	1081	35
855	2988	35
4293	293	35
1439	1334	3
4064	2630	34
616	3129	3
1356	146	33
3561	1670	41
3712	1420	41
1232	1744	3
1354	3627	35
1187	4058	35
3757	3833	0
1828	153	35
12	3177	35
1232	4241	35
3322	4248	35
352	962	31
2940	438	44
2867	1292	35
2460	103	29
1633	4146	31
3963	1940	3
1526	3529	6
3322	698	35
2874	438	44
4448	2391	35
1698	2276	35
2351	4391	31
100	1713	15
2872	63	3
3537	2942	3
1093	1714	35
2471	2731	3
1034	2107	35
464	3334	29
3031	2563	35
2213	2070	29
2638	4438	41
2286	3746	3
1663	2690	2
2329	3818	35
35	1743	3
1965	188	13
2867	886	3
696	724	3
2329	3014	16
818	3833	0
2982	553	29
176	4026	35
3963	1782	3
4255	438	44
2856	3047	23
2369	3469	41
3273	708	2
3581	3193	6
99	3833	17
2638	3526	33
3875	1982	35
1281	3014	16
2140	802	3
2638	2213	2
2329	1360	3
3752	2687	31
1240	333	35
936	1426	13
2856	1796	13
1782	1858	35
3273	2537	8
3322	2259	35
1411	51	35
2471	3880	3
2469	903	35
905	322	35
1846	2621	8
2638	4290	6
2916	1746	35
855	2082	35
1279	3223	31
2987	3833	0
3959	3941	31
855	4383	35
4430	3768	29
3930	2551	13
3561	885	19
284	4351	35
733	4344	35
3262	438	44
35	438	44
3644	3833	17
359	3803	3
854	1536	3
3090	4396	31
814	438	44
3732	1756	3
855	315	35
855	981	35
2982	1749	3
1087	2088	35
359	402	31
2089	986	13
439	626	35
4246	2985	35
1232	426	3
1131	1730	41
1240	2353	15
703	2269	41
1762	2730	35
2140	2015	3
1411	2097	35
2699	3833	17
3384	2158	3
3214	2549	35
2529	492	35
1908	2900	31
3537	875	3
1420	3384	2
4255	3833	17
3587	3022	35
814	3833	0
779	2454	35
3581	313	33
2646	1257	29
99	1157	29
2469	2180	35
82	3833	0
3322	3081	35
3597	1447	3
855	3730	35
2529	4085	35
3597	1368	3
1076	3514	35
3732	3844	3
855	2458	35
987	269	3
3384	4321	3
591	1798	35
378	1598	3
352	3833	17
3433	369	35
3691	3157	35
399	1939	3
1240	2429	35
3959	1651	17
3189	2584	35
648	3833	15
4126	438	44
3046	2924	41
3564	3833	0
4369	438	44
332	1409	35
2310	438	44
2329	387	3
1670	2537	8
855	2221	35
1131	703	41
48	962	31
1168	268	13
2961	1659	3
4056	249	29
290	510	35
1844	3614	35
4430	1019	16
3469	401	2
677	4171	35
3469	4427	2
2700	4350	42
2940	1028	23
1828	4	16
2286	3671	29
2471	3272	3
4337	2600	43
1969	3406	3
134	2687	31
378	129	23
854	3718	3
2754	3918	18
2754	1201	2
1828	3833	17
3274	1984	35
1240	1693	35
3665	1020	35
2471	3833	0
3963	1820	31
1560	4086	35
3333	3833	0
2872	1022	3
3538	1566	35
413	4143	35
3280	856	35
1093	3101	29
2673	816	35
3066	3783	35
3433	3984	13
616	438	44
814	4410	23
818	438	44
4393	53	35
1201	490	35
4412	3050	29
2940	3014	16
119	438	44
3759	3223	31
456	1320	35
4311	3833	23
4115	4300	35
1828	1236	3
1828	4081	35
687	1581	35
464	16	35
615	3342	35
2460	3014	16
1289	2438	3
1828	3587	3
696	3498	35
1952	438	44
99	798	35
235	438	44
2632	790	35
3924	1606	35
3541	2402	35
3137	3833	0
4413	3635	41
4255	1490	35
3587	13	35
2340	438	44
26	800	3
1356	3615	41
3597	1914	3
1126	2824	35
1168	1771	3
3946	2150	34
26	101	3
1232	140	3
1886	3969	3
3230	761	43
1439	2975	29
3538	620	35
4202	4224	35
1200	2977	35
855	2232	35
2517	2746	35
2229	962	31
3759	1317	13
200	2130	35
4294	3294	35
3797	3752	2
3384	2076	3
3623	941	35
905	2666	35
546	546	33
2754	3188	33
2445	2311	35
3597	286	29
2316	4320	3
2835	598	35
1240	2314	35
130	2465	35
1756	862	35
4246	923	3
855	4347	29
3635	1708	2
1844	2997	35
3752	3559	3
1663	3417	41
3616	2692	35
1298	150	35
2140	3691	3
2776	2160	35
3623	1991	35
3439	199	35
2585	438	44
883	3014	16
1577	2902	35
4427	1458	3
3255	2544	35
1450	2537	8
4024	555	33
1240	1056	35
789	3186	35
4255	4396	31
4198	3833	15
3909	992	35
1861	913	35
1925	2616	35
4221	2715	29
1705	2292	3
689	4353	35
1952	130	3
2417	3158	16
1663	235	2
3561	2090	41
3469	15	41
583	3776	35
4427	4186	13
689	3833	23
1910	1971	35
35	3383	3
1619	346	21
3639	3040	35
1068	4389	35
456	4022	35
1829	1872	35
765	1632	35
4412	4450	3
1965	190	3
3752	623	3
2417	358	44
1738	1333	35
2229	3535	13
2924	3635	41
2684	2389	6
3028	4096	35
1805	1855	31
3728	577	35
1560	930	35
855	569	35
4147	3608	15
1847	2949	35
1408	524	35
905	1310	35
1611	515	35
4126	2339	15
802	1387	35
4303	3841	35
3189	986	15
1447	4012	35
351	2200	35
3963	3833	15
3398	900	35
265	4105	35
3635	3398	2
2982	2884	3
119	2815	35
708	1425	13
1243	2346	35
1752	1143	3
1316	1073	35
546	4155	4
855	965	35
2867	3199	35
1365	2927	35
1910	3833	0
2916	3833	17
1232	3920	35
3398	402	31
2982	3649	3
1240	4354	29
703	2359	43
3381	962	31
2198	1725	35
323	3764	35
4392	3014	16
4302	887	16
2350	3833	0
3106	2492	43
3433	3132	3
3384	110	3
1708	159	3
1619	703	41
2690	3833	15
2690	3014	16
2930	3885	35
4093	3817	35
2340	4178	23
3538	4396	31
3449	2010	35
3875	2663	35
4115	1839	35
3335	237	35
814	962	31
2101	40	35
2916	1010	3
3623	1903	35
264	3915	35
2350	3598	29
1708	3164	23
4196	127	35
1629	193	35
1172	3568	35
2587	3014	16
3433	3726	35
3462	1037	35
359	3833	15
1262	2472	13
4280	3647	35
4427	4293	3
1763	3719	35
3644	2609	35
1232	3833	23
2961	438	44
3581	3808	8
2872	3833	17
119	3833	0
4056	2320	3
615	3342	35
2140	3028	3
2658	3833	15
4126	1863	3
2865	1667	35
352	3667	23
4427	2423	3
1187	1269	35
350	2274	35
4246	4071	3
2800	3837	3
1187	2740	35
2460	154	3
4198	2152	35
4318	661	35
2620	3833	17
2329	2419	3
100	893	23
1240	2967	35
3875	656	35
4359	3414	35
2982	4144	3
1131	4337	41
2460	103	15
1281	3833	0
2351	1802	35
765	2216	35
4274	1516	35
2101	3074	35
871	1511	35
3810	2124	35
48	2294	35
1240	440	35
1705	674	3
576	3745	35
2417	3833	0
4019	844	35
855	3284	35
1633	3014	16
4311	3785	35
2940	3038	35
4359	2791	35
3227	1345	3
3623	3833	0
905	894	35
1427	847	35
2089	3833	23
3752	3134	3
3269	3672	35
35	776	3
2987	263	29
3875	1594	35
1705	1769	3
3322	1592	35
2310	2288	35
82	92	3
3963	1225	3
2089	3632	35
3570	3523	35
677	879	3
3963	3874	3
2516	4198	2
82	3369	3
2140	3499	13
4250	3077	35
1187	3014	16
1873	2656	35
404	2774	35
525	3615	41
2445	4408	13
2427	3833	15
1240	1275	35
3000	549	15
207	551	35
1599	1364	35
2598	1753	13
208	1697	35
854	3833	0
2529	3014	16
3797	2638	41
3642	1778	15
3749	163	35
1635	4222	21
3365	3014	16
3752	3929	3
1168	3014	16
1232	1250	35
469	3931	35
3644	962	31
1454	3069	35
3967	2660	35
3046	1420	41
1093	438	44
2478	3520	16
692	2348	3
3322	791	35
2286	227	3
2632	1377	35
3381	3014	16
1168	438	44
3322	3124	35
2767	361	35
703	813	2
2581	3833	15
2620	3007	29
1920	2829	35
2351	3252	23
1392	105	35
3360	2127	35
2646	3698	3
3166	3386	35
3863	1027	13
2445	786	35
4142	3675	23
3797	2012	41
399	3194	3
3384	2641	3
855	1074	35
1225	1024	35
4413	281	41
1240	1999	35
2329	1088	3
854	3941	31
854	3833	17
1663	3467	41
2529	2933	29
3570	3833	15
1232	1413	35
2455	2463	35
1266	1374	35
593	3271	35
2776	1685	15
2427	2595	29
3333	3833	17
4141	246	35
1805	919	35
2089	162	35
3262	3014	16
1240	2207	35
1240	3786	35
3461	116	35
1277	684	3
207	438	44
3046	2084	33
2684	3497	41
2448	3533	35
8	3317	41
2471	2768	3
401	2574	29
2916	1382	3
1450	2693	6
2585	3250	3
1298	357	35
1705	155	3
2140	2828	3
1281	901	13
3357	3256	35
1856	3609	3
2213	438	44
692	3461	3
2090	259	33
1886	839	3
595	1438	35
3031	1716	35
3046	4447	33
677	1948	23
4432	2727	35
27	3635	41
1332	1265	35
3096	757	3
12	4060	35
1611	497	35
1663	1663	33
4427	3304	3
2946	3833	0
855	2426	35
2754	4438	41
696	3965	3
4246	1924	35
3537	1253	35
1281	438	44
99	3299	35
3564	4411	3
368	4132	35
2800	1473	3
3335	1958	35
2872	1126	3
2560	3014	16
3763	1646	35
2912	438	44
3597	4177	3
1557	2491	35
4336	1164	16
1844	2166	13
3564	2190	3
4064	2199	43
4071	480	35
3946	4257	33
2865	1468	35
568	938	29
2940	962	31
359	2382	3
3623	2565	35
3028	3565	35
1240	1660	35
1780	3467	41
596	1673	21
92	60	35
2340	3833	15
3333	1820	31
3505	968	35
2754	3710	28
1805	2744	3
4311	3364	29
235	3937	23
3570	4042	3
2140	1811	3
3561	3467	41
1494	2842	35
3875	438	44
3561	703	41
1289	1203	35
3587	3219	35
3963	4115	3
2471	3638	3
2417	283	23
3863	1260	3
606	214	35
2916	114	35
4427	2765	3
1439	3816	3
1187	2745	35
4302	1436	35
2471	1508	3
2105	942	13
4427	2176	3
3400	1170	35
4053	2009	33
2872	2380	31
2135	963	35
3712	1663	41
3874	1040	35
26	1432	3
95	3892	35
1262	3833	0
3561	4337	41
1440	753	35
568	2136	3
4355	3661	35
486	2684	41
1411	1559	35
2646	164	23
905	1991	35
264	438	44
1633	4129	29
2351	3833	0
3732	3833	15
279	2365	35
1577	1890	35
3752	1128	3
2982	3998	3
4392	118	3
4029	2675	35
2982	2204	3
2684	3724	2
1427	442	35
2867	4061	35
26	4076	3
1663	3106	41
359	1762	3
595	1891	23
2980	1570	35
4056	206	3
1827	3014	16
3561	3581	40
1752	3534	23
1435	2337	35
677	3833	17
1000	2386	35
3963	3619	3
692	4229	35
687	1934	35
1307	362	3
1365	4010	35
1298	3833	15
3963	2093	3
3031	3859	35
4302	1321	35
3227	3833	0
3930	23	3
3747	719	35
99	1804	35
4289	633	35
686	892	35
1187	171	15
1663	1780	41
2229	3535	15
1499	2186	35
1277	2688	13
789	1855	31
677	4388	35
2418	2677	13
4246	3867	35
905	2192	35
2471	3602	3
3469	4155	4
3875	3715	35
4427	1817	3
4427	3833	15
3570	1557	3
4118	4041	35
1784	3095	35
1420	4369	2
3712	1450	41
4302	3251	23
1332	423	35
1240	2783	35
3712	2924	41
1262	438	44
3090	438	44
1411	3628	35
1232	3833	0
3255	837	35
2369	3963	2
2684	2150	34
1298	234	35
4121	382	35
4355	3364	13
80	3073	35
1873	1258	35
2101	3833	0
855	711	35
2822	4091	35
2099	3833	0
399	2398	3
3317	1880	34
2529	672	35
3273	15	41
3834	232	35
855	1537	35
1774	3146	35
3245	2759	6
513	1378	35
2101	4239	31
4303	3833	17
3335	2252	13
2478	2725	35
3398	4432	3
2872	4127	3
2471	2543	3
2478	3587	3
987	3014	16
1279	2980	3
4413	1951	36
2471	2157	3
936	3833	15
940	3993	35
3597	1546	3
4126	2489	23
2050	3197	35
871	295	35
1131	3106	41
12	3006	15
26	2835	3
3365	2291	3
2286	1867	3
3732	2058	3
1633	4129	13
3642	3833	17
2427	3833	0
3963	1548	3
1780	2537	8
2874	962	31
1187	3754	23
2471	4435	31
2872	3761	3
3959	438	44
26	152	3
4427	1285	3
4053	2132	6
987	3833	39
855	491	35
3538	3833	0
1670	4155	4
3963	872	3
1428	3860	35
2089	4330	35
2135	3833	23
2776	473	35
4448	1214	35
2982	3936	23
3875	2230	35
1965	3086	3
1844	111	23
2471	3427	3
3875	3669	35
241	314	35
3039	2033	35
696	1381	29
3005	759	35
923	465	35
2099	188	15
92	4162	35
4174	1132	35
3732	1273	3
3417	2392	34
1692	815	35
1423	2827	29
3467	4196	2
2664	2880	35
2286	1385	3
3322	2380	31
3335	1710	35
1886	3121	23
2171	3739	35
4384	402	31
4246	3845	35
12	2170	35
2140	3833	17
4452	2613	35
1232	2434	3
692	14	3
3805	2795	35
3752	2267	23
2135	3419	35
696	3045	3
2961	3585	3
4412	3833	0
2096	3014	16
464	3334	13
1969	438	44
2865	3633	35
3757	3833	17
3269	3423	13
3712	1588	21
733	3809	35
1503	2432	35
1544	4341	35
855	2201	35
2100	2831	35
2839	3491	35
3816	2953	35
12	3006	29
3714	3792	35
102	3492	35
488	4211	35
1201	2394	35
4135	2437	35
1689	3519	24
4337	4337	33
3587	3744	35
568	3833	17
1752	3411	15
241	560	23
1557	2223	35
1780	1780	33
2867	1500	29
1232	4396	31
3782	2182	35
2065	3195	35
687	396	35
1298	1963	29
4221	3341	23
27	4413	41
3096	2799	13
1663	1307	2
4246	102	3
2306	2331	35
2471	3355	3
4303	1367	35
3623	2353	15
3449	3263	35
2452	173	35
525	82	2
4119	4119	33
923	1649	35
2987	438	44
1240	3145	35
2099	1089	3
677	2713	3
3381	720	35
2581	402	31
2060	2060	33
1277	1047	35
486	3090	2
2867	1359	23
1240	1190	35
351	2960	35
1547	1854	35
4356	6	35
3623	771	35
4233	1962	35
2445	2722	29
2872	2162	13
3752	1114	3
1411	654	35
3599	184	35
1307	2215	23
486	1526	41
404	3220	23
807	1900	35
4159	2341	35
3787	2487	35
1240	2661	35
1030	3620	35
4255	3833	0
757	3689	35
703	3335	2
3106	3850	6
2987	263	13
3300	493	35
4142	3499	13
4198	4288	3
2585	2422	35
1187	915	35
4413	207	2
3963	4318	3
692	3833	17
1501	1003	35
2982	1820	31
2478	958	35
595	317	35
677	3170	29
1298	4295	35
1240	3758	35
1240	148	35
3189	3275	35
3930	3833	17
4270	969	35
1663	3910	6
399	252	3
3714	2901	35
4196	1618	35
3955	1936	35
956	996	35
1411	1617	35
2512	1893	13
4355	808	35
1345	1045	35
1828	470	13
3909	3542	35
27	1805	2
1368	4006	35
696	3788	3
596	26	2
1004	1850	35
3728	2876	35
2989	3780	35
2396	189	35
2340	59	29
1441	699	35
486	486	33
1763	3539	35
3096	2799	29
399	2026	3
2659	4059	35
813	2208	15
4198	2023	3
359	96	3
1752	3833	17
4198	3815	16
1240	3489	35
3635	2418	2
2418	3594	3
1232	782	35
1187	3264	35
3273	2620	2
439	3679	35
1670	3905	41
2265	4266	35
936	3345	3
4452	1055	35
4369	1065	35
26	2900	31
1240	707	35
1910	3014	16
8	2638	41
905	4187	3
3875	2304	35
12	3052	35
1663	2924	41
3009	1248	35
1628	1025	35
4280	2298	35
2060	1423	2
3384	1091	3
3798	1157	13
2418	3833	0
4422	1397	35
2344	1026	35
3046	4311	2
2585	1792	15
1952	1820	31
855	896	35
708	1153	3
1232	360	35
2140	265	3
677	3827	35
3763	2904	35
596	1766	33
35	2092	3
1240	3839	35
3635	3635	33
2598	3833	17
1307	3833	17
412	3988	35
987	408	35
3561	2639	4
4364	1957	35
2469	4316	35
1474	1139	35
3471	1770	35
4303	103	29
99	2599	35
99	962	31
1633	4129	15
4118	4036	35
3757	3014	16
4412	3347	3
4198	3063	29
1240	1197	35
1965	866	3
3963	3014	16
399	3020	3
1886	3282	3
2912	4347	29
2351	2748	35
359	4093	3
1068	851	35
2320	1530	35
2867	288	31
350	4084	35
1240	803	35
8	2119	26
855	1138	35
4355	962	31
264	3833	17
2165	4203	35
2872	2671	3
3986	289	35
883	3198	23
3230	1635	41
2700	755	43
1232	3947	35
3749	3463	35
8	2479	6
27	2537	8
1780	3635	41
3597	44	3
789	3833	17
2229	3833	17
399	2015	3
1232	328	3
1289	3833	17
2529	3573	35
3615	1585	33
474	4164	35
1232	3674	35
1501	2937	35
1925	1612	35
905	3833	0
1201	2596	29
804	3556	43
4373	2891	35
3752	2384	3
2418	2319	3
1240	783	35
3046	2867	2
3309	1086	23
3046	2445	2
4356	1768	35
3597	4166	35
2209	1741	35
3798	1219	23
3732	1129	3
3031	2005	35
3227	3749	3
2000	2478	2
378	1709	35
1419	3833	0
135	3392	35
3561	3738	34
855	4131	35
1663	3497	41
3728	1264	35
3273	1844	2
1232	196	35
2638	811	19
1240	3105	35
4246	2618	3
1844	3833	0
4412	1820	31
4255	151	35
2517	83	35
789	763	35
2788	1090	35
644	3685	35
399	3532	3
35	2602	3
821	358	44
2646	3833	0
821	70	35
2269	4161	4
4147	3702	3
2099	367	35
855	4281	35
1232	3851	3
3564	1855	31
1187	2502	35
3732	3014	16
1633	1807	3
2684	100	2
883	3833	0
1423	438	44
48	438	44
4384	188	29
1131	3467	41
3724	2317	3
119	3391	35
1279	1980	35
99	1157	13
2754	1442	30
623	422	35
15	15	33
4384	3996	23
3757	4398	35
134	2788	3
4246	2420	3
4430	523	35
1240	3062	35
2316	3833	17
1577	2194	35
3322	50	35
412	1824	35
2286	1986	3
3398	2008	3
3096	3833	15
1764	3344	35
2351	2889	35
1663	2961	2
975	3676	35
1131	1526	41
3618	3413	34
1354	3833	17
802	1818	35
1910	52	35
3189	1813	35
703	2638	41
3106	1801	8
2471	344	3
1501	2540	35
3728	1296	35
3369	2573	35
3963	2965	3
2989	211	35
3863	438	44
703	703	33
696	4100	3
12	2993	35
1382	4205	35
853	3397	29
35	3260	3
2684	1217	33
3826	613	35
3924	243	35
2767	3141	35
2982	2818	3
987	547	23
2955	3813	3
1952	1851	3
3407	1699	35
2471	406	3
413	335	35
4172	3503	35
3000	860	35
2417	2403	35
2163	3	3
1419	2305	13
1619	2593	43
4137	3036	35
1427	397	35
35	3138	3
3273	4024	41
3732	4250	3
2874	3833	17
2269	258	33
2516	1186	43
486	1910	2
92	4070	35
3262	3833	23
855	841	35
359	3639	3
1663	3644	2
2105	3833	0
1447	3509	35
2587	2249	35
3597	1565	3
2684	1420	41
1886	3014	16
2213	1517	35
1910	1433	35
757	974	35
789	1835	35
2862	1615	35
1232	2032	35
1708	2504	35
3644	4055	29
3096	3505	3
1910	3329	35
3587	3800	35
1910	4409	35
2940	2079	35
1279	1567	3
696	3041	3
1289	1792	15
1844	3657	35
855	4347	15
399	1034	3
3797	3435	33
4255	3114	13
3635	4053	41
3963	3066	3
3398	180	23
2069	955	35
3597	438	44
2961	58	3
1058	1476	35
3227	474	3
200	4328	35
2598	2100	3
1411	1183	23
2690	2715	13
461	1512	35
3623	2353	13
4438	1518	36
2771	1033	35
56	537	35
3732	1639	3
2658	2126	23
2413	3876	35
2000	4053	41
1847	1569	35
2448	1825	35
4384	3833	15
2684	804	41
1279	3631	13
855	1282	35
2867	3307	35
648	301	35
1952	2574	29
4412	3833	17
3532	394	35
4147	3833	17
364	3833	15
2417	1492	13
3752	438	44
2135	3833	15
2516	3430	33
2229	438	44
2961	962	31
3959	2395	13
3732	176	3
3365	225	13
2859	863	35
2140	3587	3
1663	352	2
4024	859	6
3561	1630	6
220	1167	35
2099	188	29
3322	3013	35
2560	3833	17
2912	1162	3
692	597	3
3269	4003	35
918	2976	35
2471	1012	13
1828	528	31
4116	1674	35
1990	608	23
2516	2188	21
4392	3493	15
1420	2912	2
1847	454	35
1411	1803	29
42	1785	35
256	1498	6
3724	3014	16
3623	3081	35
2671	895	35
207	2013	35
3161	3223	31
708	3833	17
1093	3833	39
3150	4368	35
464	4435	31
2946	438	44
2917	751	35
668	1375	35
3090	3833	0
2946	3957	29
1458	239	35
2982	3318	3
2478	3833	17
3318	1532	35
1298	2179	35
4174	617	35
4246	1733	35
399	593	3
648	2237	35
3589	1144	35
81	1463	35
3538	3833	15
3317	3317	33
3946	1670	41
3123	2521	35
3384	3991	3
399	716	35
486	2364	25
1708	2353	15
1411	1652	35
814	3014	16
281	3968	34
867	117	35
1240	4111	35
3398	3274	3
1990	614	3
1965	3833	44
2448	158	35
3564	3186	3
875	3807	35
1131	3147	21
987	439	3
1000	1226	35
2171	1054	35
987	115	13
3797	1330	21
134	1164	16
1774	1100	35
3384	3896	3
2912	3014	16
1411	534	35
1289	521	35
3322	2435	35
4198	267	35
1501	3833	39
119	1180	35
4311	3014	16
2865	1523	35
2989	54	35
3090	3014	16
1030	2929	35
404	3014	16
92	2246	35
4427	3833	17
2598	438	44
2916	3890	23
3161	1144	35
3469	2269	41
4141	2719	35
1663	2560	2
855	906	35
2940	3833	15
853	713	23
1663	1450	41
4427	3485	3
464	1842	3
2862	3401	35
82	3928	3
399	3833	0
3732	438	44
3046	3561	36
3384	1727	3
4115	1171	35
3046	292	43
1022	2261	35
1663	48	2
3597	1058	3
2436	2043	35
359	1053	3
3732	2906	3
1201	438	44
2008	318	35
4141	1668	35
1789	1578	35
359	1435	3
2286	842	3
3559	479	35
2101	438	44
1501	570	35
2585	4445	3
1289	2138	3
134	2300	3
3398	4267	3
2700	2700	33
1277	4296	3
2427	3014	16
1289	3226	16
3309	3833	15
3116	3558	35
82	179	3
3365	3833	17
2867	2312	35
407	2918	35
1411	1308	35
1708	2380	31
2916	2433	35
3398	484	13
35	3956	3
1332	3010	35
1423	2679	3
3761	3112	35
2867	1169	35
3133	3510	35
855	356	35
2856	1796	29
1420	2924	41
4246	2862	3
3273	1711	41
4274	3208	35
323	1370	35
152	2738	35
4448	767	35
1567	978	35
4430	1346	23
3635	2823	33
119	2539	35
623	1799	35
2286	3357	3
1411	962	31
2460	2619	3
3317	2486	6
3587	925	35
3798	3833	0
4303	3652	35
594	3343	35
3322	2857	23
4302	2635	29
765	1486	35
987	585	3
687	124	35
3752	2268	13
1663	814	2
2418	2677	29
1232	4113	35
2982	1094	3
2269	4361	33
2874	3428	3
789	2484	35
2684	2229	2
3805	1211	23
2638	2310	2
1671	1765	35
3046	1687	24
4246	2879	3
3935	310	35
1232	3014	16
2800	3894	3
1557	3323	35
1764	69	35
3798	2861	3
4413	2173	9
2916	2533	29
3335	4391	31
134	407	3
1240	3729	35
2598	867	3
3597	4117	3
2050	4326	35
3930	1751	23
1828	195	3
1805	1605	35
2096	4347	13
4076	664	35
3732	576	3
27	1140	43
3635	2537	8
99	198	35
2867	3833	17
1846	2471	2
3541	2028	35
3532	3522	35
3309	2900	31
3250	2921	35
2310	2933	29
4337	280	33
3417	3417	33
1154	2019	35
2023	1451	35
3564	358	44
4127	3465	35
3732	3210	3
2872	3833	15
1205	503	23
703	1752	2
1289	438	44
854	3162	23
4311	4306	35
1689	3556	43
2012	3877	6
4369	4213	35
4392	1057	23
1411	1927	35
1583	3583	35
855	2726	35
4246	3031	3
818	574	3
4246	1474	3
2916	2825	3
789	245	35
119	4215	31
3797	2269	41
3532	736	35
2229	1383	35
1411	742	35
1847	379	35
359	257	3
3863	4167	23
2800	1041	3
1298	1586	35
3645	81	3
2140	2380	31
818	603	3
4355	3833	17
3732	188	13
616	3833	0
3787	303	35
987	3058	3
4258	3447	35
2388	1943	35
2924	3413	34
3363	2606	35
1663	1168	2
3255	962	31
855	1555	35
353	4095	35
1389	3551	35
48	2650	23
804	2576	42
1440	3454	35
1411	2191	35
2471	2355	3
1670	384	33
4255	2853	3
27	2090	41
1382	1134	35
3384	3833	23
987	2308	3
486	4303	2
4137	3681	35
1547	4329	35
1670	2351	2
3564	3833	15
2581	438	44
4303	1778	13
3309	438	44
378	2030	29
2382	2456	35
1068	3472	35
82	2628	3
3755	2271	35
378	3725	35
486	329	27
936	2412	3
1307	438	44
2460	4104	3
1232	4352	3
708	1906	23
3752	385	3
352	3014	16
12	3833	17
3589	1603	35
3046	1780	41
26	3833	17
2205	920	35
3759	3589	3
3433	2704	3
99	3354	35
3724	962	31
1240	2685	35
2581	4204	23
2140	2398	3
2069	261	35
3309	3014	16
1737	1849	35
3309	901	29
2286	918	3
2982	1873	3
3597	3833	17
3752	3014	16
2620	1164	16
4355	3014	16
4246	722	35
3581	695	21
3998	1976	35
1289	572	23
2478	438	44
3245	2284	36
160	1820	31
486	4147	2
802	161	35
883	2550	29
757	2247	35
2926	4149	35
3752	810	3
677	2202	3
350	2321	35
1969	1223	13
3597	1178	3
987	451	35
1805	3165	3
1610	1109	35
1332	1767	35
1187	3265	35
3752	513	3
1419	2305	29
1240	4231	35
879	2785	35
2213	827	35
2340	59	13
1345	602	35
4052	2523	35
3597	351	3
3963	414	3
2598	665	3
1240	3678	35
946	1465	33
2140	4364	3
3905	4429	6
1526	1810	8
703	3469	41
3924	3923	35
2587	587	35
1663	2316	2
82	3599	3
513	347	35
399	2380	31
1232	3974	3
12	149	35
2482	372	35
3597	3866	35
3982	2913	35
1663	4413	41
4246	1584	35
359	2027	3
2012	2118	33
2699	2559	29
1920	911	35
3642	1778	29
2029	1795	35
4427	1083	3
359	1455	3
1240	4097	35
2512	3014	16
1422	2697	35
3538	3833	23
1093	3833	15
596	4053	41
1598	954	35
4246	1954	35
3724	3833	17
119	2741	13
740	703	41
3642	3393	35
696	1381	13
4337	3811	6
1670	1670	33
2907	2222	35
1965	1266	3
1599	1353	35
1423	4083	31
3046	2587	2
3090	3833	17
4056	594	3
3732	403	3
1526	3756	33
2213	3014	16
2140	1034	3
2800	2561	3
1187	1145	35
1187	341	35
35	3127	15
1302	3833	17
1093	3833	0
3597	2455	3
3645	531	29
940	3985	35
73	4428	35
3959	2703	35
3963	3833	0
3096	2168	3
2140	2469	3
4031	3677	35
2516	2077	5
1277	4249	3
3189	1032	35
595	1342	35
3752	4356	3
2329	1130	35
2961	3687	35
696	3833	0
3998	4140	35
44	1814	35
4387	1661	35
3752	2030	15
3649	3703	35
3046	2350	2
2413	2817	35
1598	3001	35
2699	3833	23
1680	2806	35
1846	1240	2
3160	638	35
82	2771	3
3227	678	3
1577	2934	35
1034	1136	35
1290	1576	35
696	967	3
2229	2612	35
1908	3014	16
3467	2369	36
4336	1314	3
3046	2558	25
4427	3187	3
1051	3806	35
399	909	23
26	2578	23
2205	565	35
1886	2655	3
12	2667	35
359	3656	3
2101	3375	35
3875	2263	35
1793	218	35
1078	3561	36
1861	3550	35
404	447	31
855	231	35
2865	1238	35
3262	88	35
855	2218	35
1232	2721	35
1775	2770	35
4289	1021	35
3712	3015	34
3161	1317	29
3564	3897	3
692	4449	35
1856	3833	15
2286	1286	13
2684	1078	41
1846	1670	41
2955	3665	3
19	3970	35
2856	3014	16
3	4419	35
3357	138	35
2916	2338	16
1910	438	44
2587	4315	35
4448	845	35
350	924	35
4198	331	23
956	1303	35
3449	806	35
486	3635	41
3333	3014	16
2872	3388	35
486	1886	2
4137	3036	35
3797	4161	4
2767	581	35
1289	901	13
26	3286	3
1034	1141	35
1705	438	44
2135	3833	17
1910	502	35
3635	1131	41
3752	2780	3
692	2408	3
1423	3833	0
4246	3820	35
1898	3105	35
399	4029	3
4246	2935	35
134	438	44
3538	3183	35
3469	2090	41
1861	3490	35
2867	1188	35
1262	3833	17
4147	3014	16
1965	73	3
616	4289	3
207	1471	35
3561	4413	41
27	27	33
3469	1655	43
2351	2784	35
4430	1095	35
1279	3833	17
119	3084	35
3269	1647	35
3959	1921	35
3381	1676	13
2286	76	3
3262	3833	0
1910	2400	35
1035	1155	35
616	773	23
1187	251	35
3398	4163	3
692	1235	3
3227	1820	31
2012	4034	8
1969	3833	17
404	3833	15
3210	3720	35
1730	561	34
227	104	35
854	712	13
4311	323	3
3189	3093	3
2393	4134	35
855	1902	35
4221	3014	16
404	2596	29
1619	3501	6
3269	3833	15
1000	1226	35
3230	2700	41
1240	4145	35
914	2457	35
2445	483	31
708	4439	3
1439	962	31
1279	2251	3
3599	297	35
3597	19	3
1868	3387	35
265	4105	35
1093	3014	16
3273	692	2
3728	3478	35
3963	2493	3
1910	2330	35
3570	307	29
651	3476	35
3469	2754	41
3805	3563	13
4117	1834	35
4301	1193	35
3946	3635	41
3834	34	35
721	3636	35
2229	4358	35
3400	472	35
4246	651	3
3798	962	31
3623	1448	35
4384	181	3
2598	1192	23
956	1748	35
1708	3833	17
4392	3493	29
936	1820	31
3322	552	35
1663	27	41
4302	3833	0
3623	3861	35
1844	3248	35
134	1909	23
1827	1905	23
1034	1521	35
2982	2681	3
4246	756	29
975	1460	35
4430	1820	31
3597	983	3
2089	3833	17
4117	3368	35
3805	1820	31
134	1763	3
595	1792	15
352	1852	29
3384	2022	3
2388	881	35
2140	716	35
735	4082	35
3875	2900	31
378	4367	35
2096	4139	35
27	3564	2
1232	1297	35
4255	1059	35
359	2083	29
3649	3760	35
2163	3833	0
807	3239	35
2982	1030	3
4249	2743	35
854	438	44
1740	979	35
2690	848	23
3946	3046	41
2460	172	3
2632	1406	35
2478	3833	0
2645	745	35
3398	3400	3
3537	438	44
1708	4180	3
1419	3833	23
2306	3415	35
1285	2062	35
4427	2423	3
119	2336	35
814	37	29
1240	673	35
1420	3863	2
1232	1444	35
1633	3940	3
1240	1590	35
2135	3305	35
3875	2048	35
4179	2754	41
281	281	33
3587	4298	35
703	3635	41
1663	15	41
2512	762	35
2659	1877	35
1827	438	44
1035	1155	35
3649	4272	35
818	952	13
3597	4322	3
2646	4005	3
2684	15	41
3759	3833	17
692	2065	3
1633	3596	3
1307	3032	13
2912	84	35
2219	1181	35
3623	3003	35
3564	2526	35
1440	2500	35
2800	1222	3
1240	1685	13
3635	15	41
3335	1840	16
3642	402	31
399	1811	3
399	802	3
1232	296	35
3963	2892	3
1126	1513	35
2512	2673	3
2471	2804	3
3046	2417	2
2916	2318	3
3732	611	3
3398	3833	0
1345	4092	35
596	2638	41
92	2915	35
2867	3396	35
1844	2342	35
3642	1778	13
2961	2821	3
568	4244	3
696	438	44
3255	3833	15
1240	4444	35
3570	2939	3
4142	3014	16
703	4053	41
703	3959	2
1811	4209	35
2351	3872	35
1752	2228	13
35	1922	3
195	4197	35
1705	2822	3
3335	2252	29
3798	3014	16
3561	3561	33
1131	3302	6
4137	3681	35
2329	2495	13
855	3579	35
3616	2040	35
3020	4190	35
1990	4129	13
4412	438	44
1805	2964	35
133	3833	17
2105	3833	31
721	3636	35
3384	1009	3
855	3742	35
4196	438	44
2101	123	35
3597	249	13
2657	4030	23
3946	3946	33
1240	1046	35
1910	3814	35
1805	461	3
4246	284	3
821	3833	17
1232	1402	3
12	106	35
1828	438	44
2946	3957	13
1365	4089	35
1240	2958	35
1705	2837	3
1419	3833	17
2089	3267	35
1000	4404	35
692	3833	0
3537	1691	13
2096	2025	23
2646	2385	35
692	3332	3
855	932	35
12	3651	35
3269	3423	29
4302	2566	15
1126	1978	35
1423	1792	15
1131	1663	41
3797	1973	36
4271	951	35
2329	395	35
407	122	35
1970	506	35
160	3833	0
1001	1944	35
4392	1736	3
3189	986	29
4029	2683	35
3645	1505	31
27	703	41
1925	2514	35
1356	2340	2
2350	1492	13
1458	500	35
2234	1504	35
3262	3664	15
2176	1832	35
1058	431	35
2229	2729	35
2229	3535	29
740	1527	33
4029	3043	35
703	2684	41
2329	2859	3
187	1018	35
4142	962	31
1560	4086	35
399	1000	3
2418	3833	17
48	2108	13
2417	749	35
813	1935	23
2646	840	35
359	3060	3
2529	64	15
464	2753	35
1205	3456	35
3732	1970	3
99	1456	35
2286	3405	3
1034	2107	35
1289	3135	3
133	3613	3
99	1160	35
1078	3556	43
1752	3714	3
4198	3826	3
2684	905	2
2213	3891	35
4413	1670	41
2478	3382	35
4159	1039	35
2436	3023	35
3635	399	2
1232	2910	35
3597	3986	3
1573	897	35
3642	3014	16
3029	717	35
2512	2255	29
1965	3360	3
4303	438	44
3090	3833	23
359	201	3
3635	2512	2
1526	4155	4
1298	3833	17
102	1636	35
264	1410	35
2393	2844	35
3564	541	16
2690	3833	17
4274	3580	35
595	571	35
855	865	35
12	1781	35
1356	4313	34
94	1715	35
2202	2156	35
1240	3753	35
359	3731	3
2356	3544	35
2924	3467	41
352	438	44
1334	2131	35
1281	4450	3
119	1019	16
2089	3833	29
3189	1210	35
3309	3833	0
3137	1052	35
1332	1686	35
1232	3770	3
1501	3938	15
1345	2680	35
2351	3699	35
1348	1412	35
2867	438	44
1856	3833	17
677	1650	3
486	946	41
1910	90	35
3537	2142	35
3227	2647	13
2140	4301	3
802	1818	35
3404	2177	35
4336	1820	31
15	4413	41
2060	3527	36
2856	3833	0
677	3833	0
3644	1261	23
100	1950	3
3905	3905	33
2316	438	44
134	1583	3
1908	927	23
1633	4357	23
488	2947	35
3150	3113	35
1298	2441	23
3467	98	43
1908	438	44
486	2089	2
3335	4335	35
1068	71	35
568	1306	23
2646	3421	35
2445	3612	23
453	4374	35
4438	1495	33
1200	3708	35
2140	3499	29
3538	4020	35
2418	3014	16
44	1256	35
734	3646	35
1035	2644	35
3280	3977	35
3724	1191	3
4430	1325	3
1705	3833	0
2877	311	35
2306	1641	35
12	2388	3
4427	95	3
1232	1857	3
3946	703	41
2657	4380	13
3150	3545	35
1856	962	31
3597	306	23
3564	3416	3
853	438	44
1827	4001	3
4180	4189	35
4427	169	3
2872	3484	3
2369	3615	41
2847	3927	35
2955	2461	3
27	4302	2
4303	966	35
2286	3228	3
3635	2443	34
1289	1505	31
2867	618	35
2029	4200	35
2989	3546	35
1232	3473	3
3428	2225	35
2234	1837	35
1420	1908	2
4412	132	13
616	1610	3
854	126	3
3591	2525	35
3587	1434	35
3570	3833	17
2690	3833	0
818	3223	31
3322	2296	13
1805	325	35
3273	1111	33
3137	2324	35
2838	543	35
2676	3380	35
2638	3615	41
2872	3541	3
399	3499	13
2598	4112	3
4364	4102	35
1956	3098	35
3623	876	35
3875	1337	35
2445	438	44
1326	949	35
1805	3954	35
3269	2302	35
1307	962	31
1240	3833	0
3322	2524	35
4246	4019	3
2069	2714	35
1708	438	44
4430	3833	17
279	3453	35
616	1698	3
696	3014	16
2471	1964	3
3469	4053	41
1432	4414	35
2351	4165	35
8	3556	43
2286	3222	3
855	1853	35
2213	2283	13
4448	845	35
1940	2475	35
1440	732	35
3724	438	44
3335	1568	3
1861	3117	35
3273	119	2
4302	1747	35
399	4448	3
99	4047	35
2872	2102	35
1334	1571	35
2837	1064	35
3749	2522	35
2090	1645	43
2868	2106	35
4221	3833	15
871	3068	35
3747	1758	35
1908	3030	13
2512	2476	31
3189	3014	16
3732	2877	3
4196	3848	23
1805	3833	23
1633	3833	17
1886	430	29
3137	4363	35
3322	1903	35
12	2757	35
3599	1424	35
3587	4298	35
3259	3621	35
134	294	3
4303	3014	16
1990	2378	35
2140	1154	3
703	3161	2
3581	1670	41
399	3014	16
2340	3014	16
2316	3014	16
1440	3904	35
1730	3971	33
200	2130	35
703	4155	4
905	4360	13
2369	2369	33
2800	912	3
1240	3291	35
3137	3833	15
3269	2653	35
3273	2987	2
3963	1774	3
2955	3833	0
2427	2109	3
486	4255	2
3930	447	31
413	185	35
4364	4102	35
2822	1679	35
1120	2978	35
4127	365	35
1298	2562	16
3086	1254	35
1780	2749	33
3732	2920	23
2060	3643	6
2955	3832	23
3322	1493	35
4448	504	35
3732	3833	17
2471	2056	3
3398	3979	3
4064	2488	27
2632	229	35
696	3833	23
1240	1466	35
1168	962	31
3273	2657	2
4246	1001	3
4246	210	35
2874	3289	29
2140	1939	3
3698	1595	35
1285	2062	35
1990	438	44
689	4396	31
133	1317	13
855	1006	35
4322	723	35
99	2354	35
414	509	35
401	3833	17
3623	4342	35
2776	3833	39
595	4285	35
4019	1280	35
399	1560	3
3645	438	44
616	3833	17
2517	2383	35
2598	2575	35
2096	4347	29
4118	744	35
2839	2374	35
3875	4002	35
3797	2966	6
3635	2638	41
4056	829	3
4359	1072	35
1454	2895	35
3622	584	35
3090	4283	35
2382	3884	35
404	3833	17
1910	1704	35
1411	250	35
1705	1515	29
3561	1165	33
879	2017	35
674	675	35
1240	1453	35
3116	1907	31
2185	2819	35
3433	2466	35
871	1582	35
359	1742	3
4147	4207	3
2776	3014	16
2089	2328	35
2800	3166	3
3771	904	35
12	3804	35
692	3119	3
821	1239	15
4430	2110	35
987	3122	3
26	4094	35
2618	639	35
2872	1506	23
1740	3901	35
3398	1007	35
2632	4054	35
4056	2607	3
2646	3833	17
1969	3833	23
3384	1653	29
2351	671	29
2754	2754	33
15	3467	41
3597	2078	3
4246	3605	35
486	689	2
3230	4169	41
3732	3836	29
2229	772	3
2168	1987	35
546	1031	6
1805	948	35
3269	3247	35
1856	3014	16
2944	2669	35
4255	3114	29
2471	1787	3
3724	3833	15
2916	2141	35
3875	4347	15
1240	2325	35
2771	2038	35
2300	1185	35
2912	2468	35
1240	2095	35
2776	2871	23
3752	22	3
3309	901	13
2099	188	13
2140	668	3
593	2081	35
15	3635	41
789	1301	35
905	3899	35
3581	3581	33
1752	3941	31
1232	989	35
4427	2605	16
2585	3014	16
2493	2807	35
2587	483	31
3581	1828	2
2471	2811	3
2140	909	23
689	3887	35
3384	4370	3
399	4159	3
703	3012	33
1187	3833	17
2987	3833	17
1692	3737	35
3635	2140	2
3615	383	6
3317	1403	20
4311	2919	35
789	843	13
2351	1384	35
1411	74	35
2699	1665	13
152	1313	35
3623	3224	17
2316	3500	29
3469	1131	41
1755	3953	35
2585	4260	3
1791	3574	35
4303	4405	35
2512	1981	3
883	3833	17
8	8	33
3863	2648	35
3561	1	33
3398	647	3
789	1452	29
3537	4215	31
1663	3116	2
1952	2171	3
3537	168	3
4438	4034	8
1332	3218	35
689	438	44
3365	1407	23
2427	3833	17
202	2643	35
4427	1458	3
2912	796	35
364	483	31
3046	2754	41
26	3404	3
855	3451	35
2205	2705	35
3561	3635	41
3564	1665	13
1619	3467	41
26	3014	16
905	3014	16
2847	2203	35
4302	2446	35
1828	1816	35
2350	3833	17
1689	582	6
4303	2285	35
1740	1662	35
3494	136	35
735	4160	35
4384	1838	13
359	2073	3
12	343	35
2839	4107	35
241	2395	13
677	438	44
413	973	35
616	4202	3
269	1421	35
1240	1340	35
2026	1574	35
4337	3317	36
1780	883	2
1910	2695	35
3963	2045	13
4260	1151	35
2213	3833	0
15	4337	41
4198	46	31
1752	438	44
4270	3707	35
1610	2086	35
2924	4337	41
486	1670	41
4355	3833	0
1068	1008	35
3752	3234	3
3398	1483	3
3724	225	29
3000	3014	16
1670	703	41
4198	2425	35
1408	3482	35
3926	1989	35
2229	1974	35
241	1637	29
3982	2913	35
3273	2946	2
2856	3833	17
3926	834	35
1232	3418	35
1805	1773	35
596	3317	41
3137	3966	35
591	3395	35
3761	2846	35
1619	1602	21
1828	266	3
2912	2779	23
855	216	35
4127	2114	35
1708	1596	35
284	2752	35
252	47	35
1240	3878	35
1411	2362	35
3384	3833	15
2000	2638	41
399	3833	15
2471	579	3
264	662	35
2658	2605	16
615	1819	35
703	818	2
4413	4413	33
3537	1599	3
4246	1692	3
2632	2053	35
2286	1820	31
378	1327	35
2638	2529	2
3046	4032	6
2776	3833	17
1232	3206	3
1635	4068	43
1670	4126	2
133	4435	31
623	3949	35
2089	2710	35
1232	4214	35
2351	670	35
1844	4215	31
3537	3833	15
359	1893	13
3537	3067	35
1828	3002	3
1146	2206	35
2867	3932	35
2140	3532	3
3137	79	35
4303	3975	35
3317	4034	8
409	1797	35
596	1293	33
3537	914	3
281	3154	33
1501	2887	35
4029	3043	35
580	4018	35
1176	1916	35
3863	1117	35
2163	3833	15
3930	2708	3
4438	2586	43
3541	2513	35
2350	2665	3
3963	2234	3
3031	1159	35
3837	2121	35
3	2014	35
4246	3834	3
3273	1663	41
3031	660	35
1420	2537	8
1120	1918	35
3645	1284	23
1131	1965	2
687	3870	35
2684	99	2
855	2542	35
4318	3089	35
1240	3794	35
2684	3137	2
2471	3452	3
923	476	35
2961	2826	3
399	668	3
4445	457	35
696	2037	3
2478	4123	23
3116	3014	16
1805	3882	13
3724	225	13
1846	1228	33
3759	438	44
2460	1684	23
3982	4324	35
1232	3833	17
15	2443	34
1240	3903	35
3752	1791	3
2418	1133	3
1240	852	35
2065	1364	35
3433	3962	15
486	2196	21
648	402	31
855	3297	35
879	68	35
855	2751	35
2417	4416	35
3587	3800	35
12	1489	35
1246	588	35
8	999	33
3116	3833	17
4159	2363	35
1805	131	35
818	3833	17
4221	3833	17
1022	2755	35
692	765	3
2800	1535	3
3732	447	31
2471	1627	3
2839	3094	35
3189	2866	35
1705	3833	17
853	1820	31
1281	3347	3
4064	1754	43
3381	3762	35
2620	4268	23
4301	1193	35
596	1062	43
41	3118	35
3805	3014	16
1187	889	35
35	4253	29
3381	3833	17
3060	935	35
4050	645	35
2916	1070	35
3273	4426	6
956	2633	35
2529	705	3
1131	922	34
1240	2969	35
4196	1054	35
3875	2373	35
1240	499	35
3759	2305	29
1965	1629	3
616	368	3
2940	3833	17
692	3748	3
99	438	44
1356	2516	36
8	2377	42
883	2550	13
2310	672	35
789	438	44
1546	3496	35
1240	612	35
2961	2635	13
923	2972	35
2198	2111	35
4427	2396	3
872	2128	35
855	371	35
3467	4430	2
1168	3833	0
2198	2151	35
3930	2805	15
3587	3459	35
2445	3014	16
1628	3600	35
855	4073	35
2026	960	35
740	4155	4
1956	3734	35
821	3158	16
3564	1761	3
4448	527	35
3000	2061	23
775	1487	35
3691	1643	35
4392	4396	31
678	3422	35
2329	3833	17
2754	1695	43
2310	2925	23
2874	1942	15
1240	846	35
3048	3821	35
905	655	31
821	1664	23
1281	3833	17
4249	89	35
2690	2715	29
2471	3723	3
4126	2339	13
26	2944	3
1990	4129	29
3538	628	35
2427	72	3
3333	998	29
1546	1601	35
134	657	3
1856	2550	29
2316	3500	13
4311	3833	17
4302	2820	35
4384	3014	16
35	3702	3
3635	703	41
2149	2959	35
3322	3822	35
2471	3213	3
4303	1778	15
8	194	33
3649	3107	35
3060	3109	35
2833	4035	35
813	1144	35
134	3184	3
1990	607	3
99	3833	0
2581	1551	13
1240	777	35
821	2326	3
1389	55	35
668	1375	35
3046	4331	30
2090	545	6
1670	4413	41
1240	3051	35
3335	739	35
4196	3014	16
4413	3238	22
3724	4373	3
1200	694	35
1752	3150	3
4126	4391	31
4233	3182	35
677	3306	35
3228	443	35
82	3133	3
3644	2716	35
378	947	35
3875	4347	13
1740	3481	35
3805	3833	15
3963	1255	3
3803	1591	35
3541	327	35
866	2520	35
1663	1609	43
2632	3795	35
4110	801	35
3090	75	35
2700	3727	21
2213	619	35
4369	3833	17
486	3106	41
855	2894	35
3227	1247	23
853	3014	16
692	3007	29
2585	2416	29
2585	2464	35
279	3225	35
4196	621	29
692	1759	35
987	3543	3
26	621	13
2961	2002	23
2286	3833	15
35	4125	3
2961	3833	17
2624	564	35
82	2767	3
4064	4064	33
4117	2313	35
359	3511	3
2664	3686	35
4301	1540	35
855	1485	35
399	4301	3
1392	1101	35
616	580	3
119	2510	35
3257	578	35
3645	1004	3
692	438	44
3273	1420	41
2455	2414	35
689	2572	35
1910	4441	35
1708	3236	16
651	4407	35
4024	3320	43
399	1847	3
651	3721	35
1846	3467	41
12	520	23
692	3321	35
1886	438	44
3189	230	35
3066	1060	35
1827	2773	3
2867	1500	15
2776	701	35
1708	835	35
3384	3833	17
1240	562	35
3484	2379	35
987	115	29
1290	2750	35
3532	394	35
4179	4179	33
2924	2802	6
2427	447	31
1635	622	8
3090	3833	29
3805	3833	44
1752	4017	3
692	3366	23
4274	466	35
3644	3833	15
2388	3854	35
1205	3833	0
1354	3350	35
82	2052	3
14	1103	35
2350	3158	16
399	2469	3
3724	2841	23
241	2030	15
1952	2574	13
486	4337	41
3748	339	35
2942	1443	35
616	940	3
4427	3039	3
35	1311	3
1861	1049	35
1663	3000	2
1131	2470	37
2340	3833	0
1154	2019	35
1240	1991	35
3755	2415	35
3384	3337	3
2269	1116	8
3255	3014	16
1332	2995	35
1752	2624	3
703	3467	41
3645	345	3
2982	2367	3
364	3833	17
1565	2626	35
1389	508	35
2286	1246	3
692	3955	3
2351	2242	35
3732	836	3
3469	3245	41
3322	390	35
2140	3833	0
3946	281	41
2229	31	35
4024	4024	33
4246	3833	0
3137	832	23
364	3205	29
3537	432	16
56	3856	35
134	1075	15
1708	850	35
3805	4380	29
2000	2269	41
616	2481	3
1372	2732	35
3469	2658	2
3642	3833	0
568	817	3
3635	3469	41
4056	4391	31
1898	4310	35
1225	2778	35
1844	2174	3
235	2372	13
